Linux 4.15.0-142-generic (js) 	2021ÎÖÑ 07Ïõî 23Ïùº 	_x86_64_	(6 CPU)

§ñË‹         CPU    %usr   %nice    %sys %iowait    %irq   %soft  %steal  %guest  %gnice   %idle
∏‚ë=	V       all    8.43    0.00    2.36    6.91    0.00    0.34    0.00    0.00    0.00   81.96
§ñË‹         all   10.10    0.00    1.85    4.88    0.00    0.34    0.00    0.00    0.00   82.83
∏‚ë=	V       all   10.47    0.00    7.94    5.91    0.00    0.51    0.00    0.00    0.00   75.17
§ñË‹         all   12.09    0.00    2.48    3.81    0.00    0.50    0.00    0.00    0.00   81.13
∏‚ë=	V       all   15.33    0.00    1.67    0.83    0.00    0.17    0.00    0.00    0.00   82.00
§ñË‹         all   15.75    0.00    1.49    0.66    0.00    0.17    0.00    0.00    0.00   81.92
∏‚ë=	V       all   26.46    0.00    7.32    0.50    0.00    0.00    0.00    0.00    0.00   65.72
§ñË‹         all   10.40    0.00    3.36    4.03    0.00    0.34    0.00    0.00    0.00   81.88
∏‚ë=	V       all    7.72    0.00    3.86    5.70    0.00    0.17    0.00    0.00    0.00   82.55
§ñË‹         all    6.06    0.00    6.40    5.05    0.00    0.17    0.00    0.00    0.00   82.32
∏‚ë=	V       all   11.67    0.00    4.17    3.83    0.00    0.17    0.00    0.00    0.00   80.17
§ñË‹         all   19.50    0.00    1.68    0.00    0.00    0.17    0.00    0.00    0.00   78.66
∏‚ë=	V       all   19.63    0.00    1.35    0.00    0.00    0.00    0.00    0.00    0.00   79.02
§ñË‹         all   21.17    0.00    1.50    0.00    0.00    0.00    0.00    0.00    0.00   77.33
∏‚ë=	V       all   19.53    0.00    1.85    0.00    0.00    0.34    0.00    0.00    0.00   78.28
§ñË‹         all   19.70    0.00    2.36    0.00    0.00    0.17    0.00    0.00    0.00   77.78
∏‚ë=	V       all   18.49    0.00    2.35    0.17    0.00    0.00    0.00    0.00    0.00   78.99
§ñË‹         all   29.90    0.00    5.65    0.00    0.00    0.17    0.00    0.00    0.00   64.29
∏‚ë=	V       all   20.30    0.00    2.35    0.00    0.00    0.00    0.00    0.00    0.00   77.35
§ñË‹         all   21.04    0.00    2.94    0.00    0.00    0.00    0.00    0.00    0.00   76.02
∏‚ë=	V       all   20.23    0.00    1.84    0.00    0.00    0.17    0.00    0.00    0.00   77.76
§ñË‹         all   19.46    0.00    2.35    0.00    0.00    0.17    0.00    0.00    0.00   78.02
∏‚ë=	V       all   20.30    0.00    1.85    0.00    0.00    0.00    0.00    0.00    0.00   77.85
§ñË‹         all   20.27    0.00    1.68    0.00    0.00    0.17    0.00    0.00    0.00   77.89
∏‚ë=	V       all   33.95    0.00    3.87    0.00    0.00    0.17    0.00    0.00    0.00   62.02
§ñË‹         all   19.57    0.00    2.99    0.00    0.00    0.00    0.00    0.00    0.00   77.45
∏‚ë=	V       all   20.40    0.00    1.35    0.00    0.00    0.00    0.00    0.00    0.00   78.25
§ñË‹         all   19.23    0.00    2.84    0.00    0.00    0.17    0.00    0.00    0.00   77.76
∏‚ë=	V       all   19.67    0.00    2.83    0.00    0.00    0.17    0.00    0.00    0.00   77.33
§ñË‹         all   19.70    0.00    1.82    0.17    0.00    0.17    0.00    0.00    0.00   78.15
∏‚ë=	V       all   21.20    0.00    2.00    0.00    0.00    0.17    0.00    0.00    0.00   76.63
§ñË‹         all   34.79    0.00    3.19    0.00    0.00    0.00    0.00    0.00    0.00   62.02
∏‚ë=	V       all   18.09    0.00    2.85    0.00    0.00    0.17    0.00    0.00    0.00   78.89
§ñË‹         all   20.90    0.00    2.01    0.00    0.00    0.17    0.00    0.00    0.00   76.92
∏‚ë=	V       all   20.30    0.00    2.00    0.00    0.00    0.17    0.00    0.00    0.00   77.54
§ñË‹         all   19.22    0.00    1.69    0.00    0.00    0.17    0.00    0.00    0.00   78.92
∏‚ë=	V       all   19.70    0.00    2.69    0.00    0.00    0.17    0.00    0.00    0.00   77.44
§ñË‹         all   19.80    0.00    1.51    0.00    0.00    0.34    0.00    0.00    0.00   78.36
∏‚ë=	V       all   34.01    0.00    3.37    0.00    0.00    0.17    0.00    0.00    0.00   62.46
§ñË‹         all   19.53    0.00    3.17    0.00    0.00    0.33    0.00    0.00    0.00   76.96
∏‚ë=	V       all   18.57    0.00    2.04    0.00    0.00    0.17    0.00    0.00    0.00   79.22
§ñË‹         all   19.39    0.00    0.84    0.00    0.00    0.17    0.00    0.00    0.00   79.60
∏‚ë=	V       all   21.46    0.00    2.16    0.00    0.00    0.00    0.00    0.00    0.00   76.37
§ñË‹         all   20.63    0.00    1.98    0.00    0.00    0.33    0.00    0.00    0.00   77.06
∏‚ë=	V       all   19.36    0.00    1.35    0.00    0.00    0.67    0.00    0.00    0.00   78.62
§ñË‹         all   34.06    0.00    3.86    0.00    0.00    0.34    0.00    0.00    0.00   61.74
∏‚ë=	V       all   19.33    0.00    1.85    0.00    0.00    0.17    0.00    0.00    0.00   78.66
§ñË‹         all   19.73    0.00    1.35    0.00    0.00    0.17    0.00    0.00    0.00   78.75
∏‚ë=	V       all   20.94    0.00    2.01    0.00    0.00    0.00    0.00    0.00    0.00   77.05
§ñË‹         all   19.66    0.00    1.18    0.00    0.00    0.00    0.00    0.00    0.00   79.16
∏‚ë=	V       all   20.56    0.00    1.82    0.17    0.00    0.17    0.00    0.00    0.00   77.28
§ñË‹         all   20.37    0.00    2.69    0.00    0.00    0.00    0.00    0.00    0.00   76.94
∏‚ë=	V       all   34.17    0.00    3.50    0.00    0.00    0.00    0.00    0.00    0.00   62.33
§ñË‹         all   19.26    0.00    1.86    0.00    0.00    0.00    0.00    0.00    0.00   78.89
∏‚ë=	V       all   25.42    0.00    2.36    0.00    0.00    0.17    0.00    0.00    0.00   72.05
§ñË‹         all   23.32    0.00    4.36    0.34    0.00    0.67    0.00    0.00    0.00   71.31
∏‚ë=	V       all   24.46    0.67    4.66    4.49    0.00    0.50    0.00    0.00    0.00   65.22
§ñË‹         all   43.17    0.00    5.33    1.67    0.00    0.50    0.00    0.00    0.00   49.33
∏‚ë=	V       all   41.81    0.00    6.86    0.84    0.00    0.50    0.00    0.00    0.00   50.00
§ñË‹         all   22.73    0.00    2.53    0.34    0.00    0.17    0.00    0.00    0.00   74.24
∏‚ë=	V       all   25.50    0.00    2.68    0.00    0.00    0.17    0.00    0.00    0.00   71.64
§ñË‹         all   21.78    0.00    3.69    0.17    0.00    0.00    0.00    0.00    0.00   74.37
∏‚ë=	V       all   24.92    0.00    3.05    0.17    0.00    0.17    0.00    0.00    0.00   71.69
§ñË‹         all   43.97    0.00    3.26    0.49    0.00    0.33    0.00    0.00    0.00   51.95
∏‚ë=	V       all   44.26    0.00    9.32    3.00    0.00    0.67    0.00    0.00    0.00   42.76
§ñË‹         all   22.63    0.00    3.00    0.00    0.00    0.17    0.00    0.00    0.00   74.21
∏‚ë=	V       all   21.31    0.00    2.68    0.00    0.00    0.17    0.00    0.00    0.00   75.84
§ñË‹         all   20.90    0.00    2.01    0.00    0.00    0.00    0.00    0.00    0.00   77.09
∏‚ë=	V       all   24.54    0.00    3.01    0.50    0.00    0.17    0.00    0.00    0.00   71.79
§ñË‹         all   22.77    0.00    3.30    0.00    0.00    0.17    0.00    0.00    0.00   73.76
∏‚ë=	V       all   36.00    0.00    3.17    0.00    0.00    0.17    0.00    0.00    0.00   60.67
§ñË‹         all   18.15    0.00    3.53    0.00    0.00    0.00    0.00    0.00    0.00   78.32
∏‚ë=	V       all   20.90    0.00    2.68    0.00    0.00    0.00    0.00    0.00    0.00   76.42
§ñË‹         all   19.93    0.00    2.33    0.00    0.00    0.00    0.00    0.00    0.00   77.74
∏‚ë=	V       all   22.24    0.00    2.51    0.00    0.00    0.50    0.00    0.00    0.00   74.75
§ñË‹         all   27.26    0.00    4.60    0.00    0.00    0.34    0.00    0.00    0.00   67.80
∏‚ë=	V       all   24.79    0.00    3.64    0.00    0.00    0.17    0.00    0.00    0.00   71.40
§ñË‹         all   26.61    0.00    3.31    0.17    0.00    0.33    0.00    0.00    0.00   69.59
∏‚ë=	V       all    6.87    0.00    4.52    0.00    0.00    0.17    0.00    0.00    0.00   88.44
§ñË‹         all    3.85    0.00    1.67    0.00    0.00    0.17    0.00    0.00    0.00   94.31
∏‚ë=	V       all    3.33    0.00    1.66    0.00    0.00    0.17    0.00    0.00    0.00   94.84
