Linux 4.15.0-142-generic (js) 	2021ÎÖÑ 07Ïõî 23Ïùº 	_x86_64_	(6 CPU)

§ñ≥˙         CPU    %usr   %nice    %sys %iowait    %irq   %soft  %steal  %guest  %gnice   %idle
∏R«ä‘U       all   10.85    0.00    4.17    5.68    0.00    0.33    0.00    0.00    0.00   78.96
§ñ≥˙         all   13.41    0.00    6.29    5.63    0.00    0.66    0.00    0.00    0.00   74.01
∏R«ä‘U       all    8.01    0.00    3.84    6.34    0.00    0.33    0.00    0.00    0.00   81.47
§ñ≥˙         all   12.44    0.00    3.32    2.65    0.00    0.50    0.00    0.00    0.00   81.09
∏R«ä‘U       all   16.31    0.00    1.00    0.67    0.00    0.17    0.00    0.00    0.00   81.86
§ñ≥˙         all   15.69    0.00    1.34    0.67    0.00    0.00    0.00    0.00    0.00   82.30
∏R«ä‘U       all   28.40    0.00    6.72    0.50    0.00    0.00    0.00    0.00    0.00   64.37
§ñ≥˙         all    9.95    0.00    4.15    5.80    0.00    0.00    0.00    0.00    0.00   80.10
∏R«ä‘U       all    8.82    0.00    5.66    5.49    0.00    0.17    0.00    0.00    0.00   79.87
§ñ≥˙         all   10.52    0.00    5.34    5.34    0.00    0.17    0.00    0.00    0.00   78.63
∏R«ä‘U       all   18.70    0.00    2.34    1.17    0.00    0.33    0.00    0.00    0.00   77.46
§ñ≥˙         all   19.10    0.00    2.99    0.00    0.00    0.00    0.00    0.00    0.00   77.91
∏R«ä‘U       all   19.57    0.00    2.16    0.00    0.00    0.33    0.00    0.00    0.00   77.94
§ñ≥˙         all   19.16    0.00    2.02    0.00    0.00    0.00    0.00    0.00    0.00   78.82
∏R«ä‘U       all   19.73    0.00    2.17    0.17    0.00    0.17    0.00    0.00    0.00   77.76
§ñ≥˙         all   19.87    0.00    1.85    0.00    0.00    0.34    0.00    0.00    0.00   77.95
∏R«ä‘U       all   18.30    0.00    2.16    0.00    0.00    0.17    0.00    0.00    0.00   79.37
§ñ≥˙         all   30.69    0.00    6.77    0.00    0.00    0.00    0.00    0.00    0.00   62.54
∏R«ä‘U       all   19.50    0.00    2.35    0.00    0.00    0.50    0.00    0.00    0.00   77.65
§ñ≥˙         all   20.59    0.00    2.31    0.16    0.00    0.16    0.00    0.00    0.00   76.77
∏R«ä‘U       all   22.15    0.00    4.46    0.00    0.00    0.17    0.00    0.00    0.00   73.22
§ñ≥˙         all   18.66    0.00    2.52    0.00    0.00    0.17    0.00    0.00    0.00   78.66
∏R«ä‘U       all   22.45    0.00    2.51    0.17    0.00    0.17    0.00    0.00    0.00   74.71
§ñ≥˙         all   23.26    0.00    3.16    0.00    0.00    0.17    0.00    0.00    0.00   73.42
∏R«ä‘U       all   47.72    0.00    7.08    0.34    0.00    0.51    0.00    0.00    0.00   44.35
§ñ≥˙         all   29.90    0.00    4.32    0.00    0.00    0.00    0.00    0.00    0.00   65.78
∏R«ä‘U       all   23.21    0.00    2.67    0.33    0.00    0.17    0.00    0.00    0.00   73.62
§ñ≥˙         all   26.94    0.00    4.96    0.00    0.00    0.17    0.00    0.00    0.00   67.93
∏R«ä‘U       all   24.58    0.00    3.01    0.00    0.00    0.17    0.00    0.00    0.00   72.24
§ñ≥˙         all   42.74    0.00    6.68    0.50    0.00    0.67    0.00    0.00    0.00   49.42
∏R«ä‘U       all   52.15    0.00    7.59    0.00    0.00    0.33    0.00    0.00    0.00   39.93
§ñ≥˙         all   35.08    0.00    3.04    0.00    0.00    0.67    0.00    0.00    0.00   61.21
∏R«ä‘U       all   42.11    0.00    5.37    0.00    0.00    0.34    0.00    0.00    0.00   52.18
§ñ≥˙         all   33.50    0.00    3.37    0.17    0.00    0.34    0.00    0.00    0.00   62.63
∏R«ä‘U       all   21.92    0.00    2.02    0.17    0.00    0.34    0.00    0.00    0.00   75.55
§ñ≥˙         all   29.36    0.00    3.02    0.00    0.00    0.00    0.00    0.00    0.00   67.62
∏R«ä‘U       all   31.39    0.00    4.17    0.00    0.00    0.33    0.00    0.00    0.00   64.11
§ñ≥˙         all   23.74    0.00    3.20    0.00    0.00    0.17    0.00    0.00    0.00   72.90
∏R«ä‘U       all   26.18    0.00    2.20    0.00    0.00    0.17    0.00    0.00    0.00   71.45
§ñ≥˙         all   27.74    0.00    2.16    0.00    0.00    0.33    0.00    0.00    0.00   69.77
∏R«ä‘U       all   28.19    0.00    2.01    0.00    0.00    0.17    0.00    0.00    0.00   69.63
§ñ≥˙         all   39.57    0.00    4.76    0.00    0.00    0.49    0.00    0.00    0.00   55.17
∏R«ä‘U       all   22.39    0.00    2.69    0.00    0.00    0.17    0.00    0.00    0.00   74.75
§ñ≥˙         all   25.46    0.00    2.68    0.00    0.00    0.17    0.00    0.00    0.00   71.69
∏R«ä‘U       all   24.37    0.00    1.84    0.17    0.00    0.17    0.00    0.00    0.00   73.46
§ñ≥˙         all   25.63    0.00    2.53    0.00    0.00    0.17    0.00    0.00    0.00   71.67
∏R«ä‘U       all   23.66    0.00    2.52    0.00    0.00    0.00    0.00    0.00    0.00   73.83
§ñ≥˙         all   33.90    0.00    2.70    0.00    0.00    0.17    0.00    0.00    0.00   63.24
∏R«ä‘U       all   28.00    0.00    3.67    0.00    0.00    0.50    0.00    0.00    0.00   67.83
§ñ≥˙         all   20.47    0.00    2.52    0.00    0.00    0.34    0.00    0.00    0.00   76.68
∏R«ä‘U       all   26.33    0.00    1.83    0.00    0.00    0.67    0.00    0.00    0.00   71.17
§ñ≥˙         all   23.08    0.00    2.01    0.00    0.00    0.00    0.00    0.00    0.00   74.92
∏R«ä‘U       all   22.30    0.00    2.36    0.00    0.00    0.17    0.00    0.00    0.00   75.17
§ñ≥˙         all   28.96    0.00    2.86    0.00    0.00    0.17    0.00    0.00    0.00   68.01
∏R«ä‘U       all   34.52    0.00    4.57    0.00    0.00    0.00    0.00    0.00    0.00   60.91
§ñ≥˙         all   24.45    0.00    2.02    0.00    0.00    0.17    0.00    0.00    0.00   73.36
∏R«ä‘U       all   27.41    0.00    1.66    0.00    0.00    0.17    0.00    0.00    0.00   70.76
§ñ≥˙         all   22.48    0.00    2.85    0.00    0.00    0.34    0.00    0.00    0.00   74.33
∏R«ä‘U       all   27.53    0.00    2.16    0.00    0.00    0.33    0.00    0.00    0.00   69.98
§ñ≥˙         all   23.03    0.00    2.18    0.00    0.00    0.00    0.00    0.00    0.00   74.79
∏R«ä‘U       all   36.90    0.00    4.61    0.16    0.00    0.00    0.00    0.00    0.00   58.32
§ñ≥˙         all   25.79    0.00    2.83    0.00    0.00    0.17    0.00    0.00    0.00   71.21
∏R«ä‘U       all   25.34    0.00    2.01    0.00    0.00    0.34    0.00    0.00    0.00   72.32
§ñ≥˙         all   28.07    0.00    2.49    0.00    0.00    0.17    0.00    0.00    0.00   69.27
∏R«ä‘U       all   26.05    0.00    1.34    0.00    0.00    0.00    0.00    0.00    0.00   72.61
§ñ≥˙         all   26.97    0.00    3.45    0.00    0.00    0.33    0.00    0.00    0.00   69.24
∏R«ä‘U       all   32.38    0.00    4.87    0.00    0.00    0.34    0.00    0.00    0.00   62.42
§ñ≥˙         all   21.40    0.00    2.84    0.00    0.00    0.00    0.00    0.00    0.00   75.75
∏R«ä‘U       all   25.46    0.00    2.19    0.00    0.00    0.51    0.00    0.00    0.00   71.84
§ñ≥˙         all   27.79    0.00    1.83    0.00    0.00    0.50    0.00    0.00    0.00   69.88
∏R«ä‘U       all   23.10    0.00    1.69    0.00    0.00    0.34    0.00    0.00    0.00   74.87
§ñ≥˙         all   26.29    0.00    2.66    0.00    0.00    0.00    0.00    0.00    0.00   71.05
∏R«ä‘U       all    8.22    0.00    4.36    0.67    0.00    0.50    0.00    0.00    0.00   86.24
§ñ≥˙         all    8.19    0.00    1.67    0.00    0.00    0.17    0.00    0.00    0.00   89.97
∏R«ä‘U       all    8.82    0.00    1.66    0.00    0.00    0.50    0.00    0.00    0.00   89.02
